Id,Last Update,Request,Ride Id,Rider Id,Rider Status,# pax,Origin Lat,Origin Lng,Origin Address,Destination Lat,Destination Lng,Destination Address,Err Statement,City
679000,10/08/2019 08:04:05,1570532641.3,,45673,,1,-16.7086128151,-49.2670435086,|Avenida T-4 85, Goias|,-16.6780827308,-49.264786765,|Avenida B 31, Goias|,,GYN
678999,10/08/2019 08:04:04,1570532639.24,,12673,,1,-16.7125750802,-49.2731230706,|Rua C-249 100, Goias|,-16.6787860959,-49.2443875596,|1a Avenida 500, Goias|,,GYN
678998,10/08/2019 08:03:44,1570532619.73,,47328,,1,-16.7054815431,-49.2440231144,|Rua Ciclovia 20, Goias|,-16.6602591113,-49.2558935657,|Mega Moda Park - Avenida Contorno - Setor Norte Ferroviario, Goiania - GO|,,GYN
678997,10/08/2019 08:03:32,1570532606.22,,12673,,1,-16.7125750802,-49.2731230706,|Rua C-249 100, Goias|,-16.6787860959,-49.2443875596,|1a Avenida 500, Goias|,,GYN
678996,10/08/2019 08:03:22,1570532597.96,,25820,,1,-16.6785622398,-49.2377259582,|Avenida Decima Primeira Av Q 95 1143, Goias|,-16.6889357831,-49.2653000727,|Unnamed Road, Goias|,,GYN
678995,10/08/2019 08:02:37,1570532551.59,,31412,,1,-16.6784485452,-49.27070003,|Rua 9-A - Setor Oeste, Goiania - GO|,-16.6857675764,-49.2547472566,|Rua 84 - Setor Sul, Goiania - GO|,,GYN
678994,10/08/2019 08:02:22,1570532537.34,,12673,,1,-16.7125750802,-49.2731230706,|Rua C-249 100, Goias|,-16.6787860959,-49.2443875596,|1a Avenida 500, Goias|,,GYN
678993,10/08/2019 08:01:49,1570532504.1,,24769,,1,-16.7166014844,-49.2717128992,|Rua C-259 441, Goias|,-16.6817954414,-49.2544287443,|Rua 83 Q 15 179, Goias|,,GYN
678992,10/08/2019 08:01:46,1570532503.14,,16362,,1,-16.6932125379,-49.2381859571,|Rua 23 Q A13 447, Goias|,-16.7146738688,-49.2655793577,|Rua T-37 3463, Goias|,,GYN
678991,10/08/2019 08:01:41,1570532497.95,,21486,,1,-16.6973960666,-49.2420560494,|Rua 58, 230 - Jardim Goias|,-16.682624368,-49.2529169843,|Pharmacia Therapeutica - Rua 83 - Setor Sul, Goiania - GO|,,GYN
678990,10/08/2019 08:01:40,1570532496.02,,12673,,1,-16.7125750802,-49.2731230706,|Rua C-249 100, Goias|,-16.6787860959,-49.2443875596,|1a Avenida 500, Goias|,,GYN
678989,10/08/2019 08:01:33,1570532490.24,,1078,,1,-16.6759202686,-49.2343061417,|Rua 262, 11, Goiania|,-16.7138524668,-49.2707201466,|Edificio New World - Avenida T-63 - Setor Bueno, Goiania - State of Goias|,,GYN
678988,10/08/2019 08:01:34,1570532489.93,,33,None,1,-16.691359,-49.264922,,-16.70058,-49.275962,,,GYN
678987,10/08/2019 08:01:09,1570532464.76,,12673,,1,-16.7125750802,-49.2731230706,|Rua C-249 100, Goias|,-16.6787860959,-49.2443875596,|1a Avenida 500, Goias|,,GYN
678986,10/08/2019 08:01:03,1570532460.97,,1078,,1,-16.6756992997,-49.2339520901,|Rua 262, 3, Goiania|,-16.7138524668,-49.2707201466,|Edificio New World - Avenida T-63 - Setor Bueno, Goiania - State of Goias|,,GYN
678982,10/08/2019 08:00:50,1570532446.72,,46487,,1,-16.6766053346,-49.2728699371,|Rua 10 A, 014A000, Goiania|,-16.7150001167,-49.2585650459,|Alameda Couto Magalhaes - Setor Bela Vista, Goiania - GO|,,GYN
678981,10/08/2019 08:00:50,1570532446.61,,20582,None,1,-16.6676992844,-49.2582867667,|Rua 68 - Setor Central, Goiania - GO|,-16.7101917582,-49.2372512072,|Flamboyant Shopping Center - Avenida Deputado Jamel Cecilio - Jardim Goias, Goiania - GO|,,GYN
678980,10/08/2019 08:00:49,1570532445.67,,50335,,1,-16.7404277471,-49.2794517428,|Avenida Dona Maria Cardoso, 10, Goiania|,-16.698151385,-49.2561886087,|Avenida 136, 14, Goiania|,,GYN
678979,10/08/2019 08:00:37,1570532434.52,,35831,,1,-16.7334861531,-49.2860660702,|Residencial Amazonia Park I - Parque Amazonia, Goiania - GO|,-16.7127147646,-49.2802185193,|Rua C. 155, 450 - Jardim America|,,GYN
678978,10/08/2019 08:00:31,1570532426.15,,47745,,1,-16.7128053187,-49.2546258867,|Avenida Circular 136, Goias|,-16.6978360271,-49.2409097403,|Rua 56 79, Goias|,,GYN
678977,10/08/2019 08:00:25,1570532422.06,,1078,,1,-16.6760692939,-49.233898446,|Rua 262, 35, Goiania|,-16.7138524668,-49.2707201466,|Edificio New World - Avenida T-63 - Setor Bueno, Goiania - State of Goias|,,GYN
678975,10/08/2019 07:59:55,1570532390.93,,17048,,1,-16.6823847793,-49.2508567125,|Rua Dona Maria Joana 295, Goias|,-16.6833495554,-49.2663729563,|Rua 6 368, Goias|,,GYN
678974,10/08/2019 07:59:53,1570532390.81,,1078,,1,-16.676670533,-49.2336355895,|Rua Conquista, 31, Goiania|,-16.7138524668,-49.2707201466,|Edificio New World - Avenida T-63 - Setor Bueno, Goiania - State of Goias|,,GYN
678973,10/08/2019 07:59:51,1570532387.69,,47391,,1,-16.7098728879,-49.2934444919,|Avenida T 9 Q 253 3220, Goias|,-16.6788175706,-49.2570968717,|Avenida Goias 51, Goias|,,GYN
678972,10/08/2019 07:59:18,1570532354.42,,1078,,1,-16.67542084,-49.234001711,|Rua 262, 000I000, Goiania|,-16.7138524668,-49.2707201466,|Edificio New World - Avenida T-63 - Setor Bueno, Goiania - State of Goias|,,GYN
678971,10/08/2019 07:59:17,1570532353.74,,18382,,1,-16.6942983309,-49.2365850136,|Viela G 8e Qd9 0 152, Goias|,-16.6822492478,-49.2553480715,|Rua 82 119, Goias|,,GYN
678970,10/08/2019 07:59:15,1570532349.84,,21192,,1,-16.7156381607,-49.2623603716,|Rua T-64 330, Goias|,-16.6716970856,-49.2587605119,|Avenida Goias, 980 - Setor Central|,,GYN
678969,10/08/2019 07:59:12,1570532348.23,,47391,,1,-16.7098728879,-49.2934444919,|Avenida T 9 Q 253 3220, Goias|,-16.6799615769,-49.2540629581,|Rua 10 46, Goias|,,GYN
678968,10/08/2019 07:59:01,1570532337.37,,54172,None,1,-16.7440066469,-49.2803033441,|Avenida Rio Verde 2474, Goias|,-16.6755994,-49.2468397,|Escola de Ciencias Medicas, Farmaceuticas e Biomedicas - PUC/GO - Rua 235 - Setor Leste Universitario|,,GYN
678967,10/08/2019 07:58:45,1570532322.43,,49947,,1,-16.7367229195,-49.2898657545,Localizacao marcada para embarque,-16.6897316001,-49.2591437325,|Avenida Cora Coralina 796, Goias|,,GYN
678966,10/08/2019 07:58:42,1570532316.89,,17100,,1,-16.7149760334,-49.2699852213,|Av. T-15, 1399 - Setor Bueno|,-16.6975537,-49.2544059,|Avenida 136, 960 - Setor Sul|,,GYN
678965,10/08/2019 07:58:29,1570532306.08,,16362,,1,-16.6932125379,-49.2381859571,|Rua 23 Q A13 447, Goias|,-16.7146738688,-49.2655793577,|Rua T-37 3463, Goias|,,GYN
678964,10/08/2019 07:58:26,1570532301.72,,54334,,1,-16.7085652892,-49.2620663345,|Atalaia Medicina Diagnostica - Alameda Coronel Joaquim de Bastos - Setor Marista, Goiania - GO|,-16.7047313918,-49.2410763726,|WPA Gestao Inovadora, Ed. Metropolitan - Avenida Deputado Jamel Cecilio - Jardim Goias|,,GYN
678962,10/08/2019 07:58:21,1570532297.38,,46487,,1,-16.6766053346,-49.2728699371,|Rua 10 A, 014A000, Goiania|,-16.7150001167,-49.2585650459,|Alameda Couto Magalhaes - Setor Bela Vista, Goiania - GO|,,GYN
678961,10/08/2019 07:58:15,1570532290.4,,22074,,1,-16.6887023042,-49.2691711709,|Rua 15 220, Goias|,-16.6773706915,-49.2413077131,|Avenida Universitaria 1488, Goias|,,GYN
678960,10/08/2019 07:57:58,1570532273.11,,47745,,1,-16.7128053187,-49.2546258867,|Avenida Circular 136, Goias|,-16.6978360271,-49.2409097403,|Rua 56 79, Goias|,,GYN
678958,10/08/2019 07:57:44,1570532260.19,,23942,,1,-16.7365174325,-49.2664497346,|Avenida Rio Verde, Aparecida de Goiania|,-16.7138524668,-49.2707201466,|Edificio New World - Avenida T-63 - Setor Bueno, Goiania - GO|,,GYN
678957,10/08/2019 07:57:32,1570532249.14,,16362,,1,-16.6932125379,-49.2381859571,|Rua 23 Q A13 447, Goias|,-16.7146738688,-49.2655793577,|Rua T-37 3463, Goias|,,GYN
678956,10/08/2019 07:57:29,1570532246.21,,48610,,1,-16.7149705745,-49.2370661348,|Rua Natal 369, Goias|,-16.6619910234,-49.2542456836,|Rua Machado de Assis 431, Goias|,,GYN
678954,10/08/2019 07:57:13,1570532228.05,,19373,,1,-16.7025865721,-49.2699158192,|Avenida T-1 2113, Goias|,-16.6760617,-49.2448499,|Faculdade de Odontologia UFG - Avenida Universitaria - Setor Leste Universitario, Goiania - GO|,,GYN
678953,10/08/2019 07:57:05,1570532221.26,,32918,None,1,-16.6866639289,-49.2670334503,|Rua 9 Q F6 887, Goias|,-16.6893619534,-49.2719120532,|Avenida R 11 795, Goias|,,GYN
678951,10/08/2019 07:56:54,1570532210.83,,16362,,1,-16.6932125379,-49.2381859571,|Rua 23 Q A13 447, Goias|,-16.7146738688,-49.2655793577,|Rua T-37 3463, Goias|,,GYN
678950,10/08/2019 07:56:31,1570532187.82,,46487,,1,-16.6766053346,-49.2728699371,|Rua 10 A, 014A000, Goiania|,-16.7150001167,-49.2585650459,|Alameda Couto Magalhaes - Setor Bela Vista, Goiania - GO|,,GYN
678949,10/08/2019 07:56:24,1570532181.54,,16362,,1,-16.6932125379,-49.2381859571,|Rua 23 Q A13 447, Goias|,-16.7146738688,-49.2655793577,|Rua T-37 3463, Goias|,,GYN
678948,10/08/2019 07:56:12,1570532167.04,,47745,,1,-16.7128053187,-49.2546258867,|Avenida Circular 136, Goias|,-16.6978360271,-49.2409097403,|Rua 56 79, Goias|,,GYN
678947,10/08/2019 07:55:56,1570532152.22,,38761,,1,-16.6987098433,-49.2770528421,|Rua T-30 1580, Goias|,-16.6778245085,-49.2586592585,|Rua 2 342, Goias|,,GYN
678946,10/08/2019 07:55:44,1570532139.63,,33,None,1,-16.691359,-49.264922,,-16.70058,-49.275962,,,GYN
678945,10/08/2019 07:55:41,1570532136.68,,54334,,1,-16.7085652892,-49.2620663345,|Atalaia Medicina Diagnostica - Alameda Coronel Joaquim de Bastos - Setor Marista, Goiania - GO|,-16.7047313918,-49.2410763726,|WPA Gestao Inovadora, Ed. Metropolitan - Avenida Deputado Jamel Cecilio - Jardim Goias|,,GYN
678944,10/08/2019 07:55:35,1570532132.75,,47159,,1,-16.7347653262,-49.2933080345,|Avenida do Parque 135, Goias|,-16.7460716995,-49.2844041064,|Avenida Rio Verde 2938, Goias|,,GYN
678943,10/08/2019 07:55:35,1570532130.68,,54687,None,1,-16.7027763602,-49.2585281655,|Terral Incorporadora - Alameda Ricardo Paranhos - Setor Marista, Goiania - GO|,-16.6600005437,-49.2468588799,|Avenida Independencia 2845, Goias|,,GYN
678941,10/08/2019 07:55:26,1570532122.37,,16362,,1,-16.6932125379,-49.2381859571,|Rua 23 Q A13 447, Goias|,-16.7146738688,-49.2655793577,|Rua T-37 3463, Goias|,,GYN
678940,10/08/2019 07:55:22,1570532117.89,,45673,,1,-16.7086128151,-49.2670435086,|Avenida T-4 85, Goias|,-16.6780827308,-49.264786765,|Avenida B 31, Goias|,,GYN
678939,10/08/2019 07:54:56,1570532091.45,,41746,,1,-16.6887363466,-49.2781937867,|Rua T-27 190, Goias|,-16.6735580083,-49.2462768406,|1a Avenida 516, Goias|,,GYN
678938,10/08/2019 07:54:33,1570532070.13,,20349,,1,-16.6782796091,-49.2523020878,|Praca Onze De Maio Qd44 0 100, Goias|,-16.6640476486,-49.2631422356,|Camara Municipal de Goiania - Avenida Goias - Setor Central, Goiania - GO|,,GYN
678937,10/08/2019 07:54:28,1570532065.42,,49947,,1,-16.7367229195,-49.2898657545,Localizacao marcada para embarque,-16.6897316001,-49.2591437325,|Avenida Cora Coralina 796, Goias|,,GYN
678936,10/08/2019 07:54:22,1570532057.66,,18382,,1,-16.6942151544,-49.2365994304,|Viela G 8e Qd9 0 152, Goias|,-16.6821590005,-49.2556082457,|Praca Doutor Pedro Ludovico Teixeira 300, Goias|,,GYN
678935,10/08/2019 07:54:12,1570532049.83,,22029,,1,-16.6663438608,-49.254938364,|Rua 75 57, Goias|,-16.7307136188,-49.2927410826,|Avenida Guarapari 1629, Goias|,,GYN
678934,10/08/2019 07:54:03,1570532038.25,,13175,,1,-16.7123763106,-49.2518206313,|Avenida Circular Q 58 1117, Goias|,-16.6767048987,-49.2648139223,|Avenida Anhanguera 5808, Goias|,,GYN
678933,10/08/2019 07:53:58,1570532025.67,,42081,,1,-16.7136771398,-49.2368914559,|Rua Fortaleza, 389 - Alto da Gloria|,-16.6794740422,-49.2564544827,|Rua 82 - Setor Central, Goiania - GO|,,GYN
678932,10/08/2019 07:52:25,1570531941.85,,16500,,1,-16.6760808562,-49.2406602949,|Avenida Universitaria - Setor Leste Universitario, Goiania - GO|,-16.7101919,-49.2372513,|Shopping Flamboyant - Avenida Deputado Jamel Cecilio - Jardim Goias, Goiania - GO|,,GYN
678931,10/08/2019 07:52:12,1570531927.78,,22512,None,2,-16.720965922,-49.2421254516,|Avenida Gonzaga Jaime 172, Goias|,-16.7067554449,-49.2354477569,|Rua 70 661, Goias|,,GYN
678929,10/08/2019 07:52:06,1570531920.77,,6453,,1,-16.7030544589,-49.265644066,|Avenida Mutirao 3202, Goias|,-16.7050666481,-49.2408788949,|Avenida E, 263 - Jardim Goias|,,GYN
678928,10/08/2019 07:51:57,1570531912.12,,47745,,1,-16.7136469552,-49.2549604923,|Avenida Circular 220, Goias|,-16.6978360271,-49.2409097403,|Rua 56 79, Goias|,,GYN
678927,10/08/2019 07:51:49,1570531904.63,,42081,,1,-16.7137959512,-49.237045683,|Rua Fortaleza 316, Goias|,-16.6794744,-49.256456,|Rua 82 - Setor Central, Goiania - GO|,,GYN
678925,10/08/2019 07:51:29,1570531883.69,,54334,,1,-16.7080649827,-49.2642261833,|Honda Haikar - Avenida 85 - Setor Bueno, Goiania - GO|,-16.7047313918,-49.2410763726,|WPA Gestao Inovadora, Ed. Metropolitan - Avenida Deputado Jamel Cecilio - Jardim Goias|,,GYN
678924,10/08/2019 07:51:25,1570531880.67,,23830,,1,-16.7084763388,-49.2648394033,|Rua T-059, 1, Goiania|,-16.6778810348,-49.2757647112,|Alameda das Rosas, 00R2000, Goiania|,,GYN
678923,10/08/2019 07:51:10,1570531864.44,,44570,,1,-16.7175108575,-49.2680037394,|Rua T-038, 15, Goiania|,-16.6826099156,-49.2558828369,|Rua 82 Q F16, 359, Goiania|,,GYN
678922,10/08/2019 07:51:03,1570531858.07,,21192,,1,-16.7155967377,-49.2623144388,|Rua T-64 330, Goias|,-16.6716970856,-49.2587605119,|Avenida Goias, 980 - Setor Central|,,GYN
678921,10/08/2019 07:51:00,1570531857.14,,49846,,2,-16.7188601383,-49.2914894968,|Rua C-163 620, Goias|,-16.7134642424,-49.2914894968,|Rua C-160 676, Goias|,,GYN
678920,10/08/2019 07:50:11,1570531805.16,,44570,,1,-16.7175108575,-49.2680037394,|Rua T-038, 15, Goiania|,-16.6826099156,-49.2558828369,|Rua 82 Q F16, 359, Goiania|,,GYN
678919,10/08/2019 07:50:06,1570531801.07,,6453,,1,-16.7030544589,-49.265644066,|Avenida Mutirao 3202, Goias|,-16.7050666481,-49.2408788949,|Avenida E, 263 - Jardim Goias|,,GYN
678918,10/08/2019 07:50:05,1570531800.77,,3539,,1,-16.6983559498,-49.2602246627,|Avenida 136 451, Goias|,-16.734655518,-49.2657567188,|Avenida Rio Verde 654, Goias|,,GYN
678916,10/08/2019 07:49:46,1570531781.16,,33,None,1,-16.691359,-49.264922,,-16.70058,-49.275962,,,GYN
678914,10/08/2019 07:49:42,1570531776.91,,15019,,1,-16.6965829399,-49.2737885937,|Vivre Cirurgia Plastica e Dermatologia - Rua T-50 - Setor Bueno, Goiania - GO|,-16.6748465759,-49.2438239604,|Faculdade de Educacao - UFG, Universidade Federal de Goias - Rua 235 - Setor Leste Universitario|,,GYN
678913,10/08/2019 07:49:18,1570531753.31,,5389,,1,-16.6758030395,-49.2431611195,|Quinta Avenida 544, Goias|,-16.7046960678,-49.2749224976,|Avenida T 3 Q 93 2115, Goias|,,GYN
678912,10/08/2019 07:49:17,1570531752.61,,23830,,1,-16.7084763388,-49.2648394033,|Rua T-059, 1, Goiania|,-16.6778810348,-49.2757647112,|Alameda das Rosas, 00R2000, Goiania|,,GYN
678911,10/08/2019 07:49:06,1570531739.96,,44570,,1,-16.7175108575,-49.2680037394,|Rua T-038, 15, Goiania|,-16.6826099156,-49.2558828369,|Rua 82 Q F16, 359, Goiania|,,GYN
678910,10/08/2019 07:48:56,1570531733.41,,54172,None,1,-16.7336714154,-49.2936208472,|Avenida Copacabana 248, Goias|,-16.6755994,-49.2468397,|Escola de Ciencias Medicas, Farmaceuticas e Biomedicas - PUC/GO - Rua 235 - Setor Leste Universitario|,,GYN
678909,10/08/2019 07:48:50,1570531725.07,,43122,,1,-16.7011523972,-49.2756651342,|Rua T-30 1860, Goias|,-16.6902743466,-49.2400182411,|Rua 23 Q A6 0, Goias|,,GYN
678908,10/08/2019 07:48:29,1570531705.32,,23830,,1,-16.7084763388,-49.2648394033,|Rua T-059, 1, Goiania|,-16.6778810348,-49.2757647112,|Alameda das Rosas, 00R2000, Goiania|,,GYN
678907,10/08/2019 07:48:24,1570531701.84,,54172,None,1,-16.7462553443,-49.2862310261,|Rua Campos do Jordao 134, Goias|,-16.6755994,-49.2468397,|Escola de Ciencias Medicas, Farmaceuticas e Biomedicas - PUC/GO - Rua 235 - Setor Leste Universitario|,,GYN
678906,10/08/2019 07:48:22,1570531697.81,,44570,,1,-16.7175108575,-49.2680037394,|Rua T-038, 15, Goiania|,-16.6826099156,-49.2558828369,|Rua 82 Q F16, 359, Goiania|,,GYN
678905,10/08/2019 07:48:19,1570531693.38,,26962,,1,-16.6927195775,-49.2749312147,|Rua T-27 582, Goias|,-16.6773395377,-49.2648736015,|Rua 11 250, Goias|,,GYN
678903,10/08/2019 07:48:16,1570531690.76,,18581,,1,-16.7166865778,-49.2654596642,|Rua T-37 3708, Goias|,-16.6846428745,-49.2642439529,|Rua 5 833, Goias|,,GYN
678901,10/08/2019 07:48:06,1570531680.97,,6453,,1,-16.7030544589,-49.265644066,|Avenida Mutirao 3202, Goias|,-16.7050666481,-49.2408788949,|Avenida E, 263 - Jardim Goias|,,GYN
678900,10/08/2019 07:48:06,1570531680.93,,54334,,1,-16.7085652892,-49.2620663345,|Atalaia Medicina Diagnostica - Alameda Coronel Joaquim de Bastos - Setor Marista, Goiania - GO|,-16.7047313918,-49.2410763726,|Avenida Deputado Jamel Cecilio, 2699, Goiania|,,GYN
678899,10/08/2019 07:48:04,1570531680.91,,48610,,1,-16.7147798352,-49.2370191962,|Rua Natal 369, Goias|,-16.6619910234,-49.2542456836,|Rua Machado de Assis 431, Goias|,,GYN
678897,10/08/2019 07:48:03,1570531678.18,,23830,,1,-16.7084763388,-49.2648394033,|Rua T-059, 1, Goiania|,-16.6778810348,-49.2757647112,|Alameda das Rosas, 00R2000, Goiania|,,GYN
678896,10/08/2019 07:48:03,1570531677.48,,51009,,1,-16.7152072323,-49.2545896769,|Avenida Circular Q 81, 390, Goiania|,-16.679407239,-49.2570884898,|Praca Doutor Pedro L Teixeira Q 1, 300, Goiania|,,GYN
678895,10/08/2019 07:47:59,1570531673.89,,47745,,1,-16.7136469552,-49.2549604923,|Avenida Circular 220, Goias|,-16.6978360271,-49.2409097403,|Rua 56 79, Goias|,,GYN
678894,10/08/2019 07:47:25,1570531640.35,,36747,,1,-16.7138120068,-49.2513998598,|Avenida 2a Radial Q 117, 84, Goiania|,-16.6872677039,-49.2781072855,|Avenida Castelo Branco, 0017000, Goiania|,,GYN
678893,10/08/2019 07:47:14,1570531631.36,,49947,,1,-16.736672511,-49.2899110168,Localizacao marcada para embarque,-16.6888008985,-49.2608375475,|Rua 105 5, Goias|,,GYN
678892,10/08/2019 07:46:53,1570531609.06,,54593,None,1,-16.7355757215,-49.2731508985,|Avenida Feira De Santana Q 44 0, Goias|,-16.6874443,-49.2741015,|Avenida R 11 - Setor Oeste, Goiania - GO|,,GYN
678891,10/08/2019 07:46:49,1570531604.21,,45129,,1,-16.6751160435,-49.2541095614,|Rua 3 Q 40 351, Goias|,-16.6959872,-49.2595061,|INMETRO - Rua 148 - Setor Marista, Goiania - GO|,,GYN
678890,10/08/2019 07:46:46,1570531600.4,,22024,,1,-16.6777294415,-49.2585677281,|Rua 2 Q 16, 339, Goiania|,-16.6935905269,-49.2714433372,|Instituto Panamericano da Visao - Avenida T-8 - Setor Marista, Goiania - GO|,,GYN
678889,10/08/2019 07:46:35,1570531589.77,,23608,,1,-16.7151089728,-49.2648021877,|Rua T 36, 3, Goiania|,-16.7045942705,-49.2399920896,|Brookfield Tower - Jardim Goias, Goiania - State of Goias|,,GYN
678888,10/08/2019 07:46:31,1570531587.79,,54593,None,1,-16.7355757215,-49.2731508985,|Avenida Feira De Santana Q 44 0, Goias|,-16.6905743,-49.2687929,|Rua 22 - Setor Oeste, Goiania - GO|,,GYN
678887,10/08/2019 07:46:26,1570531581.14,,5389,,1,-16.6758030395,-49.2431611195,|Quinta Avenida 544, Goias|,-16.7046960678,-49.2749224976,|Avenida T 3 Q 93 2115, Goias|,,GYN
678886,10/08/2019 07:46:06,1570531560.76,,6453,,1,-16.7030544589,-49.265644066,|Avenida Mutirao 3202, Goias|,-16.7050666481,-49.2408788949,|Avenida E, 263 - Jardim Goias|,,GYN
678885,10/08/2019 07:46:05,1570531560.75,,54334,,1,-16.7085652892,-49.2620663345,|Atalaia Medicina Diagnostica - Alameda Coronel Joaquim de Bastos - Setor Marista, Goiania - GO|,-16.7047313918,-49.2410763726,|Avenida Deputado Jamel Cecilio, 2699, Goiania|,,GYN
678884,10/08/2019 07:46:05,1570531560.66,,36000,,1,-16.7112055246,-49.2635868117,|Rua S-1 15, Goias|,-16.689140679,-49.2561721802,|Rua 104-E 71, Goias|,,GYN
678883,10/08/2019 07:46:01,1570531558.36,,54344,None,1,-16.7360075671,-49.2842036113,|Rua Curitiba, 1, Goiania|,-16.7136745709,-49.2908246443,|Rua C-159, 19, Goiania|,,GYN
678882,10/08/2019 07:45:59,1570531554.11,,3455,,1,-16.6681004494,-49.2591554672,|Rua 70 286, Goias|,-16.7044825181,-49.2404581234,|Rua 56 2929, Goias|,,GYN
678881,10/08/2019 07:45:48,1570531542.75,,52988,,1,-16.7137747578,-49.2402244359,|Avenida Engenheiro Eurico Viana Q3 210, Goias|,-16.6971516,-49.241487,|Rua 58 - Jardim Goias, Goiania - GO|,,GYN
678880,10/08/2019 07:45:39,1570531534.92,,2334,,1,-16.6751732129,-49.2517740279,|Rua 24 425, Goias|,-16.6764957,-49.2606762,|UNIOrka - Avenida Tocantins - Setor Central, Goiania - GO|,,GYN
678879,10/08/2019 07:45:23,1570531519.46,,45143,,1,-16.7100909272,-49.2948985845,|Avenida T 9 Q 263 3696, Goias|,-16.6898651,-49.258586,|Universo Goiania - Rua 105-B - Setor Sul, Goiania - GO|,,GYN
678878,10/08/2019 07:45:20,1570531516.57,,41579,,1,-16.7399567413,-49.2832135409,|Rua Canuma 2, Goias|,-16.6969487189,-49.2554771528,|New York Square Business Evolution - Avenida 136 - Setor Sul, Goiania - GO|,,GYN
678877,10/08/2019 07:45:00,1570531495.81,,5389,,1,-16.6758030395,-49.2431611195,|Quinta Avenida 544, Goias|,-16.7046960678,-49.2749224976,|Avenida T 3 Q 93 2115, Goias|,,GYN
678876,10/08/2019 07:44:47,1570531481.35,,43701,,1,-16.6767228844,-49.247495234,|Rua 239 110, Goias|,-16.6939787917,-49.2636991292,|Colegio Marista - Avenida 85 - Setor Marista, Goiania - GO|,,GYN
678875,10/08/2019 07:44:35,1570531469.11,,26962,,1,-16.6927195775,-49.2749312147,|Rua T-27 582, Goias|,-16.6773395377,-49.2648736015,|Rua 11 250, Goias|,,GYN
678874,10/08/2019 07:44:19,1570531453.04,,6453,,1,-16.7030544589,-49.265644066,|Avenida Mutirao 3202, Goias|,-16.7050666481,-49.2408788949,|Avenida E, 263 - Jardim Goias|,,GYN
678873,10/08/2019 07:44:17,1570531451.78,,15592,,1,-16.7180705437,-49.2676044255,|Rua T-38 1285, Goias|,-16.6895379451,-49.2578096688,|Rua 105-A 47, Goias|,,GYN
678872,10/08/2019 07:44:16,1570531451.78,,43701,,1,-16.6767228844,-49.247495234,|Rua 239 110, Goias|,-16.6939789,-49.263699,|Colegio Marista - Avenida 85 - Setor Marista, Goiania - GO|,,GYN
678871,10/08/2019 07:44:16,1570531450.77,,50484,,1,-16.7072274961,-49.2739387974,|Avenida T 15, 290, Goiania|,-16.6900639924,-49.2752852663,|Avenida T-007, 8, Goiania|,,GYN
678870,10/08/2019 07:44:06,1570531443.34,,44005,,1,-16.7411934903,-49.2754284292,|Avenida Rio Verde 1924, Goias|,-16.6826323971,-49.2676161602,|Praca Joaquim Ramos Jube 485, Goias|,,GYN
678869,10/08/2019 07:44:06,1570531441.13,,16192,,1,-16.7158561934,-49.2580685019,|Viela Mil e Trinta e Cinco, 0078000, Goiania|,-16.7033579264,-49.269606024,|Alpha Coworking & Eventos - Avenida T-1 - Setor Bueno, Goiania - GO|,,GYN
678868,10/08/2019 07:44:06,1570531441.04,,36000,,1,-16.7112055246,-49.2635868117,|Rua S-1 15, Goias|,-16.689140679,-49.2561721802,|Rua 104-E 71, Goias|,,GYN
678867,10/08/2019 07:43:48,1570531423.52,,3455,,1,-16.6681335318,-49.2590441555,|Rua 55 278, Goias|,-16.7043023655,-49.2408440262,|Avenida E 1077, Goias|,,GYN
678866,10/08/2019 07:43:42,1570531417.06,,33,None,1,-16.691359,-49.264922,,-16.70058,-49.275962,,,GYN
678865,10/08/2019 07:43:41,1570531415.15,,54334,,1,-16.7085652892,-49.2620663345,|Atalaia Medicina Diagnostica - Alameda Coronel Joaquim de Bastos - Setor Marista, Goiania - GO|,-16.7047313918,-49.2410763726,|Avenida Deputado Jamel Cecilio, 2699, Goiania|,,GYN
678864,10/08/2019 07:43:25,1570531401.1,,27609,,1,-16.6713765451,-49.2421583086,|Rua 226 1032, Goias|,-16.6772399741,-49.2646197975,|Rua 11 250, Goias|,,GYN
678863,10/08/2019 07:43:18,1570531393.18,,31474,,2,-16.6968517345,-49.2389718443,|Rua Seis A. - Jardim Goias, Goiania - GO|,-16.6898802935,-49.2717856541,|Rua Joao de Abreu 777, Goias|,,GYN
678862,10/08/2019 07:43:15,1570531390.22,,3455,,1,-16.6681335318,-49.2590441555,|Rua 55 278, Goias|,-16.7043977405,-49.2408115044,|Rua 56 950, Goias|,,GYN
678861,10/08/2019 07:43:11,1570531386.65,,2334,,1,-16.6751732129,-49.2517740279,|Rua 24 425, Goias|,-16.6763262339,-49.2608318478,|Avenida Tocantins Q 21 488, Goias|,,GYN
678860,10/08/2019 07:43:22,1570531386.07,,54334,,1,-16.7085652892,-49.2620663345,|Atalaia Medicina Diagnostica - Alameda Coronel Joaquim de Bastos - Setor Marista, Goiania - GO|,-16.7047313918,-49.2410763726,|WPA Gestao Inovadora, Ed. Metropolitan - Avenida Deputado Jamel Cecilio - Jardim Goias|,FlexRequestAssignmentFailure,GYN
678859,10/08/2019 07:43:10,1570531385.12,,29766,,1,-16.7152966936,-49.2567750324,|Rua Mil e Trinta e Seis, 4, Goiania|,-16.689025706,-49.2651367933,|Rua Joao de Abreu, 116, Goiania|,,GYN
678858,10/08/2019 07:43:08,1570531384.27,,27609,,1,-16.6713765451,-49.2421583086,|Rua 226 1032, Goias|,-16.6772399741,-49.2646197975,|Rua 11 250, Goias|,,GYN
678857,10/08/2019 07:42:56,1570531370.62,,47745,,1,-16.7120706096,-49.2537903786,|Avenida Circular 14, Goias|,-16.6978360271,-49.2409097403,|Rua 56 79, Goias|,,GYN
678856,10/08/2019 07:42:50,1570531365.56,,43701,,1,-16.6767745934,-49.2473708466,|Rua 239 Q 89 136, Goias|,-16.6939787917,-49.2636991292,|Colegio Marista - Avenida 85 - Setor Marista, Goiania - GO|,,GYN
678855,10/08/2019 07:42:41,1570531355.48,,15592,,1,-16.7180705437,-49.2676044255,|Rua T-38 1285, Goias|,-16.6895379451,-49.2578096688,|Rua 105-A 47, Goias|,,GYN
678854,10/08/2019 07:42:36,1570531351.01,,23830,,1,-16.7084747332,-49.2647887766,|Rua T-059, 1, Goiania|,-16.6780975047,-49.2757529765,|Alameda das Rosas, Goiania|,,GYN
678853,10/08/2019 07:42:31,1570531345.84,,43701,,1,-16.6767745934,-49.2473708466,|Rua 239 Q 89 136, Goias|,-16.6939789,-49.263699,|Colegio Marista - Avenida 85 - Setor Marista, Goiania - GO|,,GYN
678852,10/08/2019 07:42:17,1570531332.26,,15592,,1,-16.7180705437,-49.2676044255,|Rua T-38 1285, Goias|,-16.6892768479,-49.2586676404,|Rua 105 Q F24 186, Goias|,,GYN
678851,10/08/2019 07:42:06,1570531320.76,,36000,,1,-16.7112055246,-49.2635868117,|Rua S-1 15, Goias|,-16.689140679,-49.2561721802,|Rua 104-E 71, Goias|,,GYN
678850,10/08/2019 07:41:58,1570531313.62,,53011,,1,-16.7012336438,-49.2465802655,|Rua Pl 8 Q H 9, Goias|,-16.7105087013,-49.2677687109,|Buena Vista Shopping - Avenida T-4 - Setor Bueno, Goiania - GO|,,GYN
678849,10/08/2019 07:41:54,1570531310.31,,29766,,1,-16.7152966936,-49.2567750324,|Rua Mil e Trinta e Seis, 4, Goiania|,-16.689025706,-49.2651367933,|Rua Joao de Abreu, 116, Goiania|,,GYN
678848,10/08/2019 07:41:52,1570531306.62,,43701,,1,-16.6767745934,-49.2473708466,|Rua 239 Q 89 136, Goias|,-16.6939789,-49.263699,|Colegio Marista - Avenida 85 - Setor Marista, Goiania - GO|,,GYN
678847,10/08/2019 07:41:41,1570531295.3,,16192,,1,-16.7158561934,-49.2580685019,|Viela Mil e Trinta e Cinco, 0078000, Goiania|,-16.7033579264,-49.269606024,|Alpha Coworking & Eventos - Avenida T-1 - Setor Bueno, Goiania - GO|,,GYN
678846,10/08/2019 07:41:38,1570531294.88,,27609,,1,-16.6713765451,-49.2421583086,|Rua 226 1032, Goias|,-16.6772399741,-49.2646197975,|Rua 11 250, Goias|,,GYN
678845,10/08/2019 07:41:38,1570531293.35,,15592,,1,-16.7180705437,-49.2676044255,|Rua T-38 1285, Goias|,-16.6898651994,-49.258585833,|Universo Goiania - Rua 105-B - Setor Sul, Goiania - GO|,,GYN
678844,10/08/2019 07:41:35,1570531291.38,,54589,None,1,-16.7337606751,-49.2718429863,|Rua Aruana 243, Goias|,-16.69394,-49.272907,|Menina dos Olhos Optica - Avenida Mutirao - Setor Bueno, Goiania - GO|,,GYN
678843,10/08/2019 07:41:26,1570531281.67,,29766,,1,-16.7152966936,-49.2567750324,|Rua Mil e Trinta e Seis, 4, Goiania|,-16.689025706,-49.2651367933,|Rua Joao de Abreu, 116, Goiania|,,GYN
678842,10/08/2019 07:41:22,1570531276.87,,233,,1,-16.7173586534,-49.2687379941,|Rua T 65, 10, Goiania|,-16.6714735424,-49.2345763743,|Praca da Biblia, Goiania - GO|,,GYN
678841,10/08/2019 07:41:12,1570531267.22,,6933,,1,-16.6787909135,-49.2545548081,|Rua 14 160, Goias|,-16.6876209756,-49.2788120359,|Rua T 45 Q 18 80, Goias|,,GYN
678840,10/08/2019 07:41:10,1570531265.24,,43701,,1,-16.6767745934,-49.2473708466,|Rua 239 Q 89 136, Goias|,-16.6939789,-49.263699,|Colegio Marista - Avenida 85 - Setor Marista, Goiania - GO|,,GYN
678839,10/08/2019 07:41:10,1570531265.24,,39476,,1,-16.6921180677,-49.2492457107,|Rua 88 401, Goias|,-16.6869719186,-49.2631033435,|West Office - Rua 3 - Setor Oeste, Goiania - GO|,,GYN
678838,10/08/2019 07:41:08,1570531262.3,,44036,,1,-16.7289909989,-49.2746422067,|Avenida Aruma Q 177 0, Goias|,-16.6784498299,-49.2584647983,|Centro Goiano de Diagnostico - Setor Central, Goiania - GO|,,GYN
678837,10/08/2019 07:40:55,1570531251.23,,54589,None,1,-16.7337606751,-49.2718429863,|Rua Aruana 243, Goias|,-16.69394,-49.272907,|Menina dos Olhos Optica - Avenida Mutirao - Setor Bueno, Goiania - GO|,,GYN
678836,10/08/2019 07:40:53,1570531248.89,,233,,1,-16.7173586534,-49.2687379941,|Rua T 65, 10, Goiania|,-16.6673385885,-49.2398593202,|Rua 209, 013H000, Goiania|,,GYN
678835,10/08/2019 07:40:48,1570531244.05,,3979,,1,-16.7145181303,-49.289689064,|Rua C-158, 6, Goiania|,-16.66826008,-49.2457159236,|Avenida Nona Avenida, 0003000, Goiania|,,GYN
678834,10/08/2019 07:40:32,1570531228.07,,28656,None,1,-16.708836636,-49.2884331197,|Avenida T-9 2970, Goias|,-16.6706715469,-49.2551385239,|Clinica CLIMT - Avenida Paranaiba - Setor Central, Goiania - GO|,,GYN
678833,10/08/2019 07:40:26,1570531222.31,,7153,,2,-16.7175352615,-49.2671880126,|Rua T-65 916, Goias|,-16.6972390294,-49.2558161169,|Condominio Nasa Business Style - Avenida 136 - Setor Sul, Goiania - GO|,,GYN
678832,10/08/2019 07:40:22,1570531219.01,,42360,,1,-16.6908084206,-49.2827991396,|Rua T-44, 520 - Setor Bueno|,-16.6773064569,-49.2648172751,|Rua 11, 250 - Setor Central|,,GYN
678831,10/08/2019 07:40:19,1570531214.45,,3455,,1,-16.6681367437,-49.259050861,|Rua 55 278, Goias|,-16.7045143098,-49.2403686047,|Rua 56 2929, Goias|,,GYN
678830,10/08/2019 07:40:16,1570531211.63,,54589,None,1,-16.7337606751,-49.2718429863,|Rua Aruana 243, Goias|,-16.69394,-49.272907,|Menina dos Olhos Optica - Avenida Mutirao - Setor Bueno, Goiania - GO|,,GYN
678829,10/08/2019 07:40:15,1570531210.09,,29493,,1,-16.6878178441,-49.2410213873,|9a Avenida 486, Goias|,-16.6871742474,-49.2557567731,|Rua 104 673, Goias|,,GYN
678828,10/08/2019 07:40:12,1570531208.63,,3539,,1,-16.6983559498,-49.2602246627,|Avenida 136 451, Goias|,-16.734655518,-49.2657567188,|Avenida Rio Verde 654, Goias|,,GYN
678827,10/08/2019 07:40:09,1570531204.65,,44036,,1,-16.7296334914,-49.2743840441,|Rua Anhanga 2, Goias|,-16.6784498299,-49.2584647983,|Centro Goiano de Diagnostico - Setor Central, Goiania - GO|,,GYN
678826,10/08/2019 07:40:04,1570531201.22,,45212,,1,-16.7193623432,-49.2423209175,|Igreja Batista Redencao - Avenida Gonzaga Jaime - Vila Redencao, Goiania - GO|,-16.69925,-49.2575568,|Rua 1137 - Setor Marista, Goiania - GO|,,GYN
678825,10/08/2019 07:40:06,1570531200.96,,10148,,1,-16.6994664411,-49.2641631514,|Avenida 85, 2019, Goiania|,-16.66656741,-49.2554499954,|AMMA - Rua 75 - Setor Central, Goiania - GO|,,GYN
678824,10/08/2019 07:40:06,1570531200.91,,36000,,1,-16.7112055246,-49.2635868117,|Rua S-1 15, Goias|,-16.689140679,-49.2561721802,|Rua 104-E 71, Goias|,,GYN
678823,10/08/2019 07:40:02,1570531196.24,,15706,,1,-16.6956102021,-49.2827511951,|Avenida C-4 5, Goias|,-16.6911584743,-49.2605817318,|Rua 87 662, Goias|,,GYN
678822,10/08/2019 07:39:56,1570531190.95,,7153,,1,-16.7175352615,-49.2671880126,|Rua T-65 916, Goias|,-16.6972390294,-49.2558161169,|Condominio Nasa Business Style - Avenida 136 - Setor Sul, Goiania - GO|,,GYN
678821,10/08/2019 07:39:45,1570531179.46,,34554,,1,-16.7065990576,-49.2362926528,|Avenida H, 450, Goiania|,-16.685669944,-49.2592982948,|Avenida 85, 406, Goiania|,,GYN
678820,10/08/2019 07:39:41,1570531177.83,,45618,,1,-16.734680883,-49.2874225974,|Avenida Padre Orlando Morais Q 124 0, Goias|,-16.7414516269,-49.2756956443,|Avenida Rio Verde 1924, Goias|,,GYN
678819,10/08/2019 07:39:21,1570531156.6,,7153,,1,-16.7185098143,-49.2665975913,|New Wave Facility Home - Avenida T-4 - Setor Bueno, Goiania - GO|,-16.6972390294,-49.2558161169,|Condominio Nasa Business Style - Avenida 136 - Setor Sul, Goiania - GO|,,GYN
678818,10/08/2019 07:39:16,1570531151.21,,23830,,1,-16.7084747332,-49.2647887766,|Rua T-059, 1, Goiania|,-16.6780975047,-49.2757529765,|Alameda das Rosas, Goiania|,,GYN
678817,10/08/2019 07:39:12,1570531148.31,,45113,,1,-16.7035416123,-49.2551448941,|Rua 1141, 32, Goiania|,-16.675599414,-49.2468397692,|Escola de Ciencias Medicas, Farmaceuticas e Biomedicas - PUC/GO - Rua 235 - Setor Leste Universitario|,,GYN
678816,10/08/2019 07:38:50,1570531125.99,,13807,,1,-16.6984786244,-49.2421358451,|VISAGE ACTUELLE - Rua 54 - Jardim Goias, Goiania - GO|,-16.7184231162,-49.2637239397,|Rua S 1, 19, Goiania|,,GYN
678815,10/08/2019 07:38:49,1570531125.15,,1436,,1,-16.705018158,-49.2406797409,|Metropolitan Tokyo - Avenida E - Jardim Goias, Goiania - GO|,-16.6844081058,-49.2776184529,|Jaco Coelho Advogados Associados - Avenida Perimetral - Setor Coimbra, Goiania - GO|,,GYN
678814,10/08/2019 07:38:46,1570531121.76,,50070,,1,-16.714744192,-49.2692000046,|Avenida T-5 1008, Goias|,-16.6899499835,-49.2753804848,|Grupo Skill Goiania - Setor Oeste, Goiania - GO|,,GYN
678813,10/08/2019 07:38:42,1570531118.61,,34554,,1,-16.7065990576,-49.2362926528,|Avenida H, 450, Goiania|,-16.685669944,-49.2592982948,|Avenida 85, 410 - Setor Oeste|,,GYN
678812,10/08/2019 07:38:30,1570531105.06,,3568,,1,-16.7113599814,-49.263737686,|Rua S-1 3376, Goias|,-16.689247623,-49.2663072422,|Rua Joao de Abreu 223, Goias|,,GYN
678811,10/08/2019 07:38:17,1570531094.13,,54651,None,1,-16.742117194,-49.2814593762,|Avenida Alexandre De Morais Q 86 660, Goias|,-16.6869715975,-49.2631040141,|West Office - Rua 3 - Setor Oeste, Goiania - GO|,,GYN
678810,10/08/2019 07:38:16,1570531090.96,,6183,,1,-16.7160028406,-49.2595736403,|Rua S-006, 0S25000, Goiania|,-16.680394833,-49.2548066005,|Praca Doutor Pedro Ludovico Teixeira 0, 332, Goiania|,,GYN
678809,10/08/2019 07:38:08,1570531084.19,,13807,,1,-16.6984786244,-49.2421358451,|VISAGE ACTUELLE - Rua 54 - Jardim Goias, Goiania - GO|,-16.7184231162,-49.2637239397,|Rua S 1, 19, Goiania|,,GYN
678808,10/08/2019 07:38:04,1570531081.15,,30026,,1,-16.6558120212,-49.2598679289,|Rua SNF 2 231, Goias|,-16.6752566,-49.251748,|Condominio Cristal - Rua 24 - Centro, Goiania - GO|,,GYN
678807,10/08/2019 07:37:54,1570531069.66,,33,None,1,-16.691359,-49.264922,,-16.70058,-49.275962,,,GYN
678806,10/08/2019 07:37:43,1570531057.87,,51199,,1,-16.6784856911,-49.2468679235,|Rua 239 Q 89, 310, Goiania|,-16.7014115514,-49.2566683888,|Alameda Ricardo Paranhos, 11, Goiania|,,GYN
678805,10/08/2019 07:37:37,1570531051.58,,3568,,1,-16.7113599814,-49.263737686,|Rua S-1 3376, Goias|,-16.689247623,-49.2663072422,|Rua Joao de Abreu 223, Goias|,,GYN
678804,10/08/2019 07:37:32,1570531049.48,,47526,,1,-16.736654852,-49.2669285089,|Avenida Rio Verde 1720, Goias|,-16.6607871662,-49.2625652254,|Avenida Oeste Q A1 1751, Goias|,,GYN
678803,10/08/2019 07:37:16,1570531030.86,,10148,,1,-16.6994664411,-49.2641631514,|Avenida 85, 2019, Goiania|,-16.66656741,-49.2554499954,|AMMA - Rua 75 - Setor Central, Goiania - GO|,,GYN
678802,10/08/2019 07:37:08,1570531023.29,,36000,,1,-16.7112055246,-49.2635868117,|Rua S-1 15, Goias|,-16.689140679,-49.2561721802,|Rua 104-E 71, Goias|,,GYN
678801,10/08/2019 07:36:57,1570531012.82,,3568,,1,-16.7110873538,-49.2639365047,|Rua S-1 3330, Goias|,-16.6890770906,-49.266173467,|Rua Joao de Abreu 190, Goias|,,GYN
678800,10/08/2019 07:36:56,1570531012.35,,13807,,1,-16.6984786244,-49.2421358451,|VISAGE ACTUELLE - Rua 54 - Jardim Goias, Goiania - GO|,-16.7184231162,-49.2637239397,|A Renovart Interiores e Tapecaria Ltda. - Serrinha, Goiania - GO|,,GYN
678799,10/08/2019 07:36:35,1570530989.2,,10148,,1,-16.7023643495,-49.264055863,|Rua 85 Qd 232 0, 2327, Goiania|,-16.66656741,-49.2554499954,|AMMA - Rua 75 - Setor Central, Goiania - GO|,,GYN
678797,10/08/2019 07:36:05,1570530960.77,,30026,,1,-16.6558120212,-49.2598679289,|Rua SNF 2 231, Goias|,-16.6752566,-49.251748,|Condominio Cristal - Rua 24 - Centro, Goiania - GO|,,GYN
678796,10/08/2019 07:36:02,1570530957.77,,44570,,1,-16.7175108575,-49.2680037394,|Rua T-038, 15, Goiania|,-16.6826099156,-49.2558828369,|Rua 82 Q F16, 359, Goiania|,,GYN
678795,10/08/2019 07:36:00,1570530954.12,,6183,,1,-16.7160028406,-49.2595736403,|Rua S-006, 0S25000, Goiania|,-16.680394833,-49.2548066005,|Praca Doutor Pedro Ludovico Teixeira 0, 332, Goiania|,,GYN
678794,10/08/2019 07:35:46,1570530941.54,,54685,None,1,-16.7143890438,-49.2787650973,|Rua C 156 Q 347 247, Goias|,-16.7105363174,-49.2587672174,|Alameda Couto Magalhaes Q 64 1054, Goias|,,GYN
678793,10/08/2019 07:35:42,1570530937.42,,28656,None,1,-16.708836636,-49.2884331197,|Avenida T-9 2970, Goias|,-16.6706715469,-49.2551385239,|Clinica CLIMT - Avenida Paranaiba - Setor Central, Goiania - GO|,,GYN
678792,10/08/2019 07:35:38,1570530933.18,,41986,,1,-16.6825655949,-49.2410824075,|6a Avenida 22, Goias|,-16.709255,-49.2669346,|Baby Dreams - Bueno - Avenida T-12 - Setor Bueno, Goiania - GO|,,GYN
678791,10/08/2019 07:35:28,1570530923.81,,1436,,1,-16.705018158,-49.2406797409,|Metropolitan Tokyo - Avenida E - Jardim Goias, Goiania - GO|,-16.6844084269,-49.2776184529,|Jaco Coelho Advogados Associados - Avenida Perimetral - Setor Coimbra, Goiania - GO|,,GYN
678790,10/08/2019 07:35:25,1570530918.89,,47485,,1,-16.7093391883,-49.244781509,|So Ofertas - Avenida Botafogo - Setor Pedro Ludovico, Goiania - GO|,-16.6984901854,-49.25710693,|Contemporane Restaurante - Rua 1136 - Setor Marista, Goiania - GO|,,GYN
678789,10/08/2019 07:35:21,1570530916.44,,18899,,1,-16.6879601159,-49.2846626043,|Rua T-41 101, Goias|,-16.6825142086,-49.2664071545,|Avenida Republica do Libano 1874, Goias|,,GYN
678788,10/08/2019 07:35:19,1570530914.67,,54489,None,3,-16.7263031672,-49.2642801628,|Rua 1104 202, Goias|,-16.6808723,-49.2525114,|Hospital Santa Helena - Rua 95 - Setor Sul, Goiania - GO|,,GYN
678787,10/08/2019 07:34:59,1570530893.95,,28656,None,1,-16.708836636,-49.2884331197,|Avenida T-9 2970, Goias|,-16.6706715469,-49.2551385239,|Clinica CLIMT - Avenida Paranaiba - Setor Central, Goiania - GO|,,GYN
678786,10/08/2019 07:34:53,1570530888.01,,12353,,1,-16.7140200871,-49.2687369883,|Avenida T 63 Q 143 1100, Goias|,-16.7122433,-49.2867827,|Praca C-111 - Jardim America, Goiania - GO|,,GYN
678785,10/08/2019 07:34:46,1570530881.5,,54685,None,1,-16.7143890438,-49.2787650973,|Rua C 156 Q 347 247, Goias|,-16.6723959776,-49.2343517393,|Rua 301 236, Goias|,,GYN
678784,10/08/2019 07:34:41,1570530876.79,,54489,None,3,-16.7263031672,-49.2642801628,|Rua 1104 202, Goias|,-16.6808723,-49.2525114,|Hospital Santa Helena - Rua 95 - Setor Sul, Goiania - GO|,,GYN
678783,10/08/2019 07:34:37,1570530872.68,,17718,,1,-16.7156355919,-49.2786115408,|Rua C-156 365, Goias|,-16.7005811006,-49.2532680184,|TOTVS GOIANIA - Rua 135 - Setor Marista, Goiania - GO|,,GYN
678781,10/08/2019 07:34:08,1570530842.09,,1605,,1,-16.7166290283,-49.2668956105,|Avenida T4, 0156000, Goiania|,-16.6972579766,-49.2552642524,|Avenida 136, 1, Goiania|,,GYN
678780,10/08/2019 07:34:05,1570530841.27,,4464,,1,-16.7088697113,-49.2646861821,|Rua T 36 Q 119 2751, Goias|,-16.6836091,-49.2647102,|The Prime Tamandare Office - Rua 5 - Setor Oeste, Goiania - GO|,,GYN
678778,10/08/2019 07:33:30,1570530805.72,,29766,,1,-16.7152966936,-49.2567750324,|Rua Mil e Trinta e Seis, 4, Goiania|,-16.689025706,-49.2651367933,|Rua Joao de Abreu, 116, Goiania|,,GYN
678777,10/08/2019 07:33:26,1570530802.38,,28656,None,1,-16.7088665001,-49.2887063697,|Avenida T-9 3044, Goias|,-16.670671,-49.2551383,|Clinica CLIMT - Avenida Paranaiba - Setor Central, Goiania - GO|,,GYN
678774,10/08/2019 07:32:59,1570530774.05,,1605,,1,-16.7166290283,-49.2668956105,|Avenida T4, 0156000, Goiania|,-16.6972579766,-49.2552642524,|Avenida 136, 1, Goiania|,,GYN
678773,10/08/2019 07:32:56,1570530771.09,,3568,,1,-16.7136723231,-49.2642154545,|Avenida T 63 Q 139 168, Goias|,-16.6890086849,-49.2663813382,|Rua 9 Q F8 1155, Goias|,,GYN
678772,10/08/2019 07:32:48,1570530764.53,,48610,,1,-16.7147798352,-49.2370191962,|Rua Natal 369, Goias|,-16.6619910234,-49.2542456836,|Rua Machado de Assis 431, Goias|,,GYN
678771,10/08/2019 07:32:35,1570530749.82,,17718,,1,-16.7156355919,-49.2786115408,|Rua C-156 365, Goias|,-16.7005811006,-49.2532680184,|TOTVS GOIANIA - Rua 135 - Setor Marista, Goiania - GO|,,GYN
678770,10/08/2019 07:32:23,1570530739.04,,24822,,1,-16.7201962444,-49.2646516487,|Avenida T 14, 535, Goiania|,-16.6988135706,-49.2562365532,|Rua 1136, 13, Goiania|,,GYN
678769,10/08/2019 07:32:11,1570530727.29,,54651,None,1,-16.7407802783,-49.2784536257,|Avenida Alexandre de Morais 521, Goias|,-16.6869715975,-49.2631040141,|West Office - Rua 3 - Setor Oeste, Goiania - GO|,,GYN
678768,10/08/2019 07:32:03,1570530718.83,,18899,,1,-16.6879601159,-49.2846626043,|Rua T-41 101, Goias|,-16.6825142086,-49.2664071545,|Avenida Republica do Libano 1874, Goias|,,GYN
678767,10/08/2019 07:32:02,1570530718.55,,28656,None,1,-16.7088665001,-49.2887063697,|Avenida T-9 3044, Goias|,-16.670671,-49.2551383,|Clinica CLIMT - Avenida Paranaiba - Setor Central, Goiania - GO|,,GYN
678766,10/08/2019 07:32:03,1570530718.22,,53547,,1,-16.7084101879,-49.2787044123,|Avenida C-233 141, Goias|,-16.6966934123,-49.2697981372,|Edificio Orion - Avenida Mutirao - Setor Marista, Goiania - GO|,,GYN
678765,10/08/2019 07:31:58,1570530712.85,,33,None,1,-16.691359,-49.264922,,-16.70058,-49.275962,,,GYN
678764,10/08/2019 07:31:57,1570530712.34,,3568,,1,-16.7136723231,-49.2642154545,|Avenida T 63 Q 139 168, Goias|,-16.6890086849,-49.2663813382,|Rua 9 Q F8 1155, Goias|,,GYN
678763,10/08/2019 07:31:52,1570530707.65,,21070,None,1,-16.6902470488,-49.2730778083,|Rua T-48 100, Goias|,-16.68689,-49.2666971,|Advocacia Geral da Uniao - AGU - Rua 10 - Setor Oeste, Goiania - GO|,,GYN
678762,10/08/2019 07:31:25,1570530680.75,,28656,None,1,-16.7088665001,-49.2887063697,|Avenida T-9 3044, Goias|,-16.670671,-49.2551383,|Clinica CLIMT - Avenida Paranaiba - Setor Central, Goiania - GO|,,GYN
678761,10/08/2019 07:31:23,1570530680.52,,45212,,1,-16.7193623432,-49.2423209175,|Igreja Batista Redencao - Avenida Gonzaga Jaime - Vila Redencao, Goiania - GO|,-16.69925,-49.2575568,|Rua 1137 - Setor Marista, Goiania - GO|,,GYN
678760,10/08/2019 07:31:16,1570530672.52,,342,,1,-16.6756324951,-49.2722225189,|Rua 16-A, 795 - Setor Aeroporto|,-16.7210253255,-49.2624029517,|Rua S-2, 913 - Setor Bela Vista|,,GYN
678759,10/08/2019 07:31:16,1570530671.07,,36000,,1,-16.7120580861,-49.266830273,|Avenida T-4 543, Goias|,-16.689140679,-49.2561721802,|Rua 104-E 71, Goias|,,GYN
678758,10/08/2019 07:31:11,1570530666.56,,53037,,1,-16.6906353204,-49.2808770016,|Rua T 29 Q 27 74, Goias|,-16.6715965554,-49.240173474,|EMATER-GO - Rua 227-A - Setor Leste Universitario, Goiania - GO|,,GYN
678757,10/08/2019 07:30:48,1570530644.96,,30026,,1,-16.6558120212,-49.2598679289,|Rua SNF 2 231, Goias|,-16.6752566,-49.251748,|Condominio Cristal - Rua 24 - Centro, Goiania - GO|,,GYN
678756,10/08/2019 07:30:42,1570530638.01,,23118,,1,-16.6671754239,-49.2571448162,|Rua 75 Q 136, 415, Goiania|,-16.6844925711,-49.266378656,|Polytotal Pneus - Praca Almirante Tamandare - Setor Oeste, Goiania - GO|,,GYN
678755,10/08/2019 07:30:41,1570530637.2,,4464,,1,-16.7088697113,-49.2646861821,|Rua T 36 Q 119 2751, Goias|,-16.6836091,-49.2647102,|The Prime Tamandare Office - Rua 5 - Setor Oeste, Goiania - GO|,,GYN
678754,10/08/2019 07:30:36,1570530630.36,,54115,None,1,-16.7203773453,-49.2768771574,|Rua C-179, 10, Goiania|,-16.7079959415,-49.2729242519,|Goiania Shopping - Avenida T-10 - Setor Bueno, Goiania - GO|,,GYN
678753,10/08/2019 07:30:28,1570530623.38,,22074,,1,-16.6887023042,-49.2691711709,|Rua 15 220, Goias|,-16.6773706915,-49.2413077131,|Avenida Universitaria 1488, Goias|,,GYN
678752,10/08/2019 07:30:56,1570530618.01,,52407,,1,-16.6714735424,-49.2345763743,|Praca da Biblia, Goiania - GO|,-16.7167283217,-49.2745741457,|Eldorado Business Tower - Avenida C-255 - Setor Nova Suica, Goiania - GO|,,GYN
678751,10/08/2019 07:30:18,1570530612.47,,14187,,1,-16.7144619359,-49.2779205367,|Avenida C 182 Q 569 575, Goias|,-16.6784947939,-49.2661449686,|Rua 5 145, Goias|,,GYN
678750,10/08/2019 07:30:11,1570530606.98,,54115,None,1,-16.7203773453,-49.2768771574,|Rua C-179, 10, Goiania|,-16.718977341,-49.2822771147,|Rua C 149 Q 402, 887, Goiania|,,GYN
678749,10/08/2019 07:29:55,1570530590.0,,54115,None,1,-16.7203773453,-49.2768771574,|Rua C-179, 10, Goiania|,-16.718977341,-49.2822771147,|Rua C 149 Q 402, 887, Goiania|,,GYN
678748,10/08/2019 07:29:46,1570530582.39,,27824,,1,-16.7091246805,-49.2418428138,|Avenida Sao Joao, 406, Goiania|,-16.7398575314,-49.2726573721,|Avenida Rio Verde, Goiania|,,GYN
678747,10/08/2019 07:29:46,1570530581.97,,49851,,1,-16.6764042794,-49.2442785949,|Praca Universitaria 294, Goias|,-16.7188845,-49.276421,|Kbl Contabilidade - Jardim America, Goiania - GO|,,GYN
678746,10/08/2019 07:29:25,1570530560.12,,53547,,1,-16.7141132094,-49.2818566784,|Rua C 139 Q 343 181, Goias|,-16.6966934123,-49.2697981372,|Edificio Orion - Avenida Mutirao - Setor Marista, Goiania - GO|,,GYN
678745,10/08/2019 07:29:22,1570530559.14,,52407,,1,-16.6714735424,-49.2345763743,|Praca da Biblia, Goiania - GO|,-16.7167283217,-49.2745741457,|Eldorado Business Tower - Avenida C-255 - Setor Nova Suica, Goiania - GO|,,GYN
678744,10/08/2019 07:29:18,1570530553.36,,40281,,1,-16.6831462592,-49.2457672209,|Rua 245 - Setor Leste Universitario, Goiania - GO|,-16.6738319742,-49.2566298321,|Rua 6 339, Goias|,,GYN
678743,10/08/2019 07:28:58,1570530533.84,,4840,,1,-16.6636965817,-49.2426883802,|Rua Duzentos e Seis, 0031000, Goiania|,-16.6861805863,-49.2471716926,|Rua 86, 812, Goiania|,,GYN
678742,10/08/2019 07:28:57,1570530533.46,,41430,,1,-16.6695554282,-49.2694987357,|Rua 59 A Q 56a 735, Goias|,-16.6748928255,-49.2452089861,|Rua 235 230, Goias|,,GYN
678741,10/08/2019 07:28:30,1570530506.19,,40281,,1,-16.6831462592,-49.2457672209,|Rua 245 - Setor Leste Universitario, Goiania - GO|,-16.6738319742,-49.2566298321,|Rua 6 339, Goias|,,GYN
678740,10/08/2019 07:28:26,1570530502.54,,4840,,1,-16.6632237806,-49.2416315898,|Avenida Vereador Germino Alves, 0032000, Goiania|,-16.6859390752,-49.247004725,|Rua 86, Goiania|,,GYN
678739,10/08/2019 07:28:14,1570530489.55,,293,,1,-16.6791923764,-49.2756326124,|Rua R 3 394, Goias|,-16.7005306825,-49.2572551221,|Rua 1134 122, Goias|,,GYN
678738,10/08/2019 07:28:10,1570530486.09,,14187,,1,-16.7120458838,-49.2759839818,|Avenida C 233 Q 574 617, Goias|,-16.6784250997,-49.2661127821,|Avenida B 164, Goias|,,GYN
678736,10/08/2019 07:28:05,1570530481.71,,1436,,1,-16.705018158,-49.2406797409,|Metropolitan Tokyo - Avenida E - Jardim Goias, Goiania - GO|,-16.6844084269,-49.2776184529,|Jaco Coelho Advogados Associados - Avenida Perimetral - Setor Coimbra, Goiania - GO|,,GYN
678735,10/08/2019 07:28:00,1570530476.53,,29766,,1,-16.7152966936,-49.2567750324,|Rua Mil e Trinta e Seis, 4, Goiania|,-16.689025706,-49.2651367933,|Rua Joao de Abreu, 116, Goiania|,,GYN
678734,10/08/2019 07:27:45,1570530462.16,,4840,,1,-16.6632237806,-49.2416315898,|Avenida Vereador Germino Alves, 0032000, Goiania|,-16.6859390752,-49.247004725,|Rua 86, Goiania|,,GYN
678733,10/08/2019 07:27:45,1570530461.85,,54684,None,1,-16.7318162157,-49.2839893699,|Avenida Dona Maria Cardoso, 14, Goiania|,-16.7154034301,-49.2867517099,|Rua C-143, 5, Goiania|,,GYN
678732,10/08/2019 07:27:44,1570530459.94,,40281,,1,-16.67368102,-49.2571119592,|Condominio Edificio Parthenon Center - Setor Central, Goiania - GO|,-16.6831456168,-49.2457655445,|Rua 245 - Setor Leste Universitario, Goiania - GO|,,GYN
678731,10/08/2019 07:27:29,1570530446.14,,23830,,1,-16.7084747332,-49.2647887766,|Rua T-059, 1, Goiania|,-16.6780975047,-49.2757529765,|Alameda das Rosas, Goiania|,,GYN
678730,10/08/2019 07:27:24,1570530439.73,,14187,,1,-16.713563145,-49.2748004571,|Avenida C-233 845, Goias|,-16.6773739033,-49.2663213238,|Avenida Anhanguera Q Bo 5933, Goias|,,GYN
678729,10/08/2019 07:26:41,1570530395.9,,665,,1,-16.7077945982,-49.2402552813,|Rua 109 162, Goias|,-16.7038251691,-49.2607423291,|Caseratto - Rua 1132 - Setor Marista, Goiania - GO|,,GYN
678728,10/08/2019 07:26:38,1570530394.15,,14187,,1,-16.713563145,-49.2748004571,|Avenida C-233 845, Goias|,-16.6773739033,-49.2663213238,|Avenida Anhanguera Q Bo 5933, Goias|,,GYN
678727,10/08/2019 07:25:46,1570530340.82,,51312,,1,-16.7065428609,-49.2645467073,|Avenida T 11 Q 113, 41, Goiania|,-16.6848885623,-49.279778637,|Avenida Castelo Branco Q 1, 1030, Goiania|,,GYN
678726,10/08/2019 07:25:38,1570530334.37,,33,None,1,-16.691359,-49.264922,,-16.70058,-49.275962,,,GYN
678725,10/08/2019 07:25:33,1570530330.19,,42384,,1,-16.7121868531,-49.2381001264,|Rua Terezina 300, Goias|,-16.6797756202,-49.2576155439,|Correios - Praca Doutor Pedro Ludovico Teixeira - Setor Central, Goiania - GO|,,GYN
678724,10/08/2019 07:25:15,1570530311.12,,1083,,1,-16.6728305355,-49.2341576144,|Rua 262, 45 - Setor Leste Universitario|,-16.6654663635,-49.2645567656,|REDEMOB. Consorcio - Avenida Independencia - Setor Central, Goiania - GO|,,GYN
678723,10/08/2019 07:25:07,1570530302.59,,38940,,1,-16.6980560069,-49.2391552404,|Rua 46 18, Goias|,-16.6719563,-49.2578027,|Colegio Prevest - Centro - Rua 5 - Setor Central, Goiania - GO|,,GYN
678722,10/08/2019 07:24:52,1570530288.34,,53328,None,1,-16.6793407568,-49.2710215598,|Hospital Alberto Rassi - HGG - Avenida Anhanguera - Setor Oeste, Goiania - GO|,-16.6946217232,-49.2321047187,|Avenida L, 0A42000, Goiania|,,GYN
678721,10/08/2019 07:24:29,1570530264.13,,665,,1,-16.7077990939,-49.2403146252,|Rua 109 162, Goias|,-16.7038251691,-49.2607423291,|Caseratto - Rua 1132 - Setor Marista, Goiania - GO|,,GYN
678720,10/08/2019 07:24:17,1570530252.76,,25089,,1,-16.713041658,-49.2611523718,|Rua S-4 45, Goias|,-16.676102375,-49.2438239604,|Praca Universitaria 528, Goias|,,GYN
678719,10/08/2019 07:24:07,1570530242.97,,1342,,1,-16.6818098872,-49.2388623587,|Rua 238 Q 38, 180, Goiania|,-16.6771054024,-49.2576956749,|Avenida Goias Q 5, 301, Goiania|,,GYN
678718,10/08/2019 07:24:01,1570530237.13,,7139,,1,-16.7185075666,-49.2689334601,|Avenida T 5 Q 163 0, Goias|,-16.6931161939,-49.2680811882,|Rua 26 201, Goias|,,GYN
678716,10/08/2019 07:23:47,1570530222.72,,54670,None,2,-16.7169691517,-49.2745419592,|Rua C-256 10, Goias|,-16.6864872922,-49.2786789313,|Praca do Cigano - Avenida Castelo Branco - Setor Marista, Goiania - GO|,,GYN
678715,10/08/2019 07:23:41,1570530217.1,,665,,1,-16.7077990939,-49.2403146252,|Rua 109 162, Goias|,-16.7038251691,-49.2607423291,|Caseratto - Rua 1132 - Setor Marista, Goiania - GO|,,GYN
678714,10/08/2019 07:23:31,1570530206.38,,31004,,1,-16.7149962633,-49.2644615471,|Rua T-36, 3033 - Setor Bueno|,-16.6819171631,-49.2560501397,|Rua 82 400, Goias|,,GYN
678713,10/08/2019 07:23:24,1570530200.99,,47055,,1,-16.6812144519,-49.2418411374,|Rua 242, 423, Goiania|,-16.7030634505,-49.2340620607,|Rua 71, 10, Goiania|,,GYN
678712,10/08/2019 07:23:24,1570530199.96,,628,,1,-16.7190014237,-49.26879365,|Avenida T-13 16, Goias|,-16.6786242,-49.2443819,|PUC - Goias Area II - 1a Avenida - Setor Leste Universitario, Goiania - GO|,,GYN
678709,10/08/2019 07:23:14,1570530189.15,,3490,,1,-16.688316919,-49.2576158792,|Avenida Cora Coralina Q F24 123, Goias|,-16.6784132164,-49.2444348335,|1a Avenida 590, Goias|,,GYN
678708,10/08/2019 07:22:54,1570530169.61,,20017,,1,-16.6957704521,-49.2639834434,|Avenida 85 433, Goias|,-16.6662539271,-49.2542725056,|Avenida Contorno 585, Goias|,,GYN
678707,10/08/2019 07:22:50,1570530166.38,,47055,,1,-16.6812144519,-49.2418411374,|Rua 242, 423, Goiania|,-16.7030634505,-49.2340620607,|Rua 71, 10, Goiania|,,GYN
678706,10/08/2019 07:22:42,1570530158.96,,45212,,1,-16.7193623432,-49.2423209175,|Igreja Batista Redencao - Avenida Gonzaga Jaime - Vila Redencao, Goiania - GO|,-16.69925,-49.2575568,|Rua 1137 - Setor Marista, Goiania - GO|,,GYN
678705,10/08/2019 07:22:37,1570530152.95,,14071,,1,-16.677269522,-49.2461957037,|Avenida Universitaria, Goiania|,-16.7211444534,-49.262094833,|Taberna Music Pub - Avenida Laudelino Gomes - Setor Bela Vista, Goiania - GO|,,GYN
678704,10/08/2019 07:22:33,1570530149.46,,53068,,1,-16.6724081825,-49.2348841578,|Rua 261, 0114000, Goiania|,-16.6892736364,-49.2660326511,|Rua Joao de Abreu Q E9, 193, Goiania|,,GYN
678703,10/08/2019 07:22:32,1570530147.96,,48160,,1,-16.7355066903,-49.2681935057,|Avenida Alexandre de Morais, 2, Goiania|,-16.7052692788,-49.240639843,|Metropolitan Mall - Avenida Deputado Jamel Cecilio - Jardim Goias, Goiania - GO|,,GYN
678702,10/08/2019 07:22:30,1570530146.99,,47055,,1,-16.6812144519,-49.2418411374,|Rua 242, 423, Goiania|,-16.7030634505,-49.2340620607,|Rua 71, 10, Goiania|,,GYN
678701,10/08/2019 07:22:17,1570530132.48,,21178,,1,-16.6897110463,-49.2383529246,|Rua 32 915, Goias|,-16.6827682495,-49.2656172439,|Avenida Republica do Libano 1945, Goias|,,GYN
678700,10/08/2019 07:22:04,1570530120.99,,40495,,1,-16.7210474813,-49.2663183063,|Avenida T4, 1693, Goiania|,-16.676341008,-49.2449474707,|Avenida Primeira Avenida, 0062000, Goiania|,,GYN
678699,10/08/2019 07:22:05,1570530120.84,,11531,,1,-16.717573152,-49.2699319124,|Rua C-263 325, Goias|,-16.6963793366,-49.2705454677,|Avenida Mutirao 2465, Goias|,,GYN
678698,10/08/2019 07:22:04,1570530120.76,,53010,,1,-16.7201230333,-49.2670277506,|Avenida T4, 1478, Goiania|,-16.6809279711,-49.2664785683,|Avenida Republica do Libano Q D2, 1755, Goiania|,,GYN
678697,10/08/2019 07:21:53,1570530109.48,,47055,,1,-16.6812144519,-49.2418411374,|Rua 242, 423, Goiania|,-16.7030634505,-49.2340620607,|Rua 71, 10, Goiania|,,GYN
678696,10/08/2019 07:21:49,1570530103.26,,665,,1,-16.7078090487,-49.2402743921,|Rua 109 162, Goias|,-16.7038251691,-49.2607423291,|Caseratto - Rua 1132 - Setor Marista, Goiania - GO|,,GYN
678695,10/08/2019 07:21:33,1570530089.33,,54670,None,2,-16.7169691517,-49.2745419592,|Rua C-256 10, Goias|,-16.686487,-49.2786775,|Praca do Cigano - Avenida Castelo Branco - Setor Marista, Goiania - GO|,,GYN
678694,10/08/2019 07:21:15,1570530072.52,,53068,,1,-16.6724081825,-49.2348841578,|Rua 261, 0114000, Goiania|,-16.6889161927,-49.2661104351,|Aton Business - Rua Joao de Abreu - Setor Oeste, Goiania - State of Goias|,,GYN
678693,10/08/2019 07:21:15,1570530071.29,,47055,,1,-16.6812144519,-49.2418411374,|Rua 242, 423, Goiania|,-16.7030634505,-49.2340620607,|Rua 71, 10, Goiania|,,GYN
678692,10/08/2019 07:20:50,1570530047.15,,28656,None,1,-16.7088665001,-49.2887063697,|Avenida T-9 3044, Goias|,-16.670671,-49.2551383,|Clinica CLIMT - Avenida Paranaiba - Setor Central, Goiania - GO|,,GYN
678691,10/08/2019 07:20:36,1570530033.2,,53068,,1,-16.6724081825,-49.2348841578,|Rua 261, 0114000, Goiania|,-16.6889161927,-49.2661104351,|Aton Business - Rua Joao de Abreu - Setor Oeste, Goiania - State of Goias|,,GYN
678690,10/08/2019 07:20:37,1570530031.85,,4437,,1,-16.7199114275,-49.2776563391,|Rua C-183 64, Goias|,-16.7038743,-49.2589536,|Casa Di Pizza Rodizio & Buffet - Alameda Ricardo Paranhos - Setor Marista, Goiania - GO|,,GYN
678689,10/08/2019 07:20:32,1570530027.72,,2008,,1,-16.6762636048,-49.2402945086,|Avenida Universitaria 1634, Goias|,-16.6914121825,-49.2702638358,|Avenida Portugal 600, Goias|,,GYN
678688,10/08/2019 07:20:14,1570530009.07,,665,,1,-16.7077785421,-49.2404081672,|Rua 109 150, Goias|,-16.7038251691,-49.2607423291,|Caseratto - Rua 1132 - Setor Marista, Goiania - GO|,,GYN
678687,10/08/2019 07:20:00,1570529997.42,,4035,,1,-16.7159945911,-49.2698889971,|Rua T 64, 14, Goiania|,-16.7030130331,-49.2341193929,|Compartilha Club - Jardim Goias, Goiania - GO|,,GYN
678686,10/08/2019 07:19:56,1570529993.18,,53068,,1,-16.6724081825,-49.2348841578,|Rua 261, 0114000, Goiania|,-16.6889161927,-49.2661104351,|Aton Business - Rua Joao de Abreu - Setor Oeste, Goiania - State of Goias|,,GYN
678685,10/08/2019 07:19:55,1570529992.53,,53370,,1,-16.6589572761,-49.2618732154,|Avenida Oeste 1961, Goias|,-16.7050191214,-49.2406807467,|Metropolitan Tokyo - Avenida E - Jardim Goias, Goiania - GO|,,GYN
678684,10/08/2019 07:19:49,1570529985.43,,33,None,1,-16.691359,-49.264922,,-16.70058,-49.275962,,,GYN
678683,10/08/2019 07:19:30,1570529966.76,,53370,,1,-16.6581288893,-49.2614936829,|Avenida Contorno 3515, Goias|,-16.7050191214,-49.2406807467,|Metropolitan Tokyo - Avenida E - Jardim Goias, Goiania - GO|,,GYN
678682,10/08/2019 07:19:30,1570529965.83,,47055,,1,-16.6812144519,-49.2418411374,|Rua 242, 423, Goiania|,-16.7030634505,-49.2340620607,|Rua 72, 325 - Jardim Goias|,,GYN
678680,10/08/2019 07:19:04,1570529940.84,,23830,,1,-16.7084747332,-49.2647887766,|Rua T-059, 1, Goiania|,-16.6780975047,-49.2757529765,|Alameda das Rosas, Goiania|,,GYN
678679,10/08/2019 07:18:54,1570529931.18,,45212,,1,-16.7193623432,-49.2423209175,|Igreja Batista Redencao - Avenida Gonzaga Jaime - Vila Redencao, Goiania - GO|,-16.69925,-49.2575568,|Rua 1137 - Setor Marista, Goiania - GO|,,GYN
678678,10/08/2019 07:18:54,1570529930.58,,412,,1,-16.7155318737,-49.2811274529,|Avenida T-63 - Setor Pedro Ludovico, Goiania - GO|,-16.7046478987,-49.2748001218,|Traco Design de Negocios - Setor Bueno, Goiania - GO|,,GYN
678677,10/08/2019 07:18:42,1570529919.19,,53370,,1,-16.6568720087,-49.26179979,|Rua Snf 7 Q 8 3208, Goias|,-16.7050191214,-49.2406807467,|Metropolitan Tokyo - Avenida E - Jardim Goias, Goiania - GO|,,GYN
678676,10/08/2019 07:18:34,1570529910.78,,53068,,1,-16.6724081825,-49.2348841578,|Rua 261, 0114000, Goiania|,-16.6889161927,-49.2661104351,|Aton Business - Rua Joao de Abreu - Setor Oeste, Goiania - State of Goias|,,GYN
678675,10/08/2019 07:18:31,1570529906.2,,665,,1,-16.7077785421,-49.2404081672,|Rua 109 150, Goias|,-16.7038251691,-49.2607423291,|Caseratto - Rua 1132 - Setor Marista, Goiania - GO|,,GYN
